0.0005	0
0.001	0
0.0015	0
0.002	0
0.0025	0
0.003	0
0.0035	1.55044E-08
0.004	1.55044E-08
0.0045	1.55044E-08
0.005	1.55044E-08
0.0055	1.55044E-08
0.006	1.55044E-08
0.0065	1.55044E-08
0.007	1.55044E-08
0.0075	1.55044E-08
0.008	1.55044E-08
0.0085	1.55044E-08
0.009	1.55044E-08
0.0095	2.61157E-08
0.01	2.21942E-07
0.0105	7.85496E-08
0.011	4.05083E-07
0.0115	5.00666E-06
0.012	3.5046E-06
0.0125	8.13685E-06
0.013	1.94365E-05
0.0135	4.15746E-05
0.014	7.78918E-05
0.0145	0.000137343
0.015	0.000226054
0.0155	0.000351427
0.016	0.000521117
0.0165	0.000734042
0.017	0.001003918
0.0175	0.001317172
0.018	0.001684633
0.0185	0.002100436
0.019	0.002553265
0.0195	0.003046975
0.02	0.003565182
0.0205	0.004093197
0.021	0.004661142
0.0215	0.005208926
0.022	0.0057756
0.0225	0.006319457
0.023	0.006864175
0.0235	0.007361301
0.024	0.007880228
0.0245	0.008331265
0.025	0.008747236
0.0255	0.009171112
0.026	0.009551478
0.0265	0.009882387
0.027	0.010211656
0.0275	0.010486913
0.028	0.010759993
0.0285	0.010971685
0.029	0.011179346
0.0295	0.011321876
0.03	0.011459284
0.0305	0.011592013
0.031	0.01165728
0.0315	0.011743419
0.032	0.011785322
0.0325	0.011818293
0.033	0.011828558
0.0335	0.011821325
0.034	0.011799072
0.0345	0.011769644
0.035	0.011716714
0.0355	0.011661924
0.036	0.011593976
0.0365	0.011511093
0.037	0.011427515
0.0375	0.011332043
0.038	0.01123645
0.0385	0.011129867
0.039	0.011016937
0.0395	0.010904713
0.04	0.010786801
0.0405	0.010663507
0.041	0.010537239
0.0415	0.010406137
0.042	0.010276657
0.0425	0.010148834
0.043	0.010012683
0.0435	0.009884443
0.044	0.009746321
0.0445	0.009614172
0.045	0.009476472
0.0455	0.009344744
0.046	0.009209565
0.0465	0.009071183
0.047	0.00894231
0.0475	0.0088085
0.048	0.00867348
0.0485	0.008545936
0.049	0.008415471
0.0495	0.008282288
0.05	0.008155996
0.0505	0.008027688
0.051	0.007901583
0.0515	0.007777499
0.052	0.007651541
0.0525	0.007531827
0.053	0.007410103
0.0535	0.00729043
0.054	0.007172777
0.0545	0.007053248
0.055	0.006939477
0.0555	0.006823845
0.056	0.006710111
0.0565	0.00659821
0.057	0.006488089
0.0575	0.006379683
0.058	0.021664632
0.0585	0.006164494
0.059	0.006061003
0.0595	0.032957539
0.06	0.005852157
0.0605	0.005750042
0.061	0.005649402
0.0615	0.005550177
0.062	0.005452334
0.0625	0.005355827
0.063	0.005257757
0.0635	0.005163834
0.064	0.005071105
0.0645	0.004976862
0.065	0.004883832
0.0655	0.00479447
0.066	0.004703721
0.0665	0.004614074
0.067	0.013576143
0.0675	0.004437957
0.068	0.004351425
0.0685	0.004265847
0.069	0.006570842
0.0695	0.00404255
0.07	0.003693022
0.0705	0.003627111
0.071	0.003559433
0.0715	0.003493868
0.072	0.003428474
0.0725	0.003361408
0.073	0.003296337
0.0735	0.00322968
0.074	0.003164948
0.0745	0.003098688
0.075	0.003034284
0.0755	0.002968411
0.076	0.002902755
0.0765	0.002838838
0.077	0.002773571
0.0775	0.002708497
0.078	0.00264507
0.0785	0.002580374
0.079	0.002515884
0.0795	0.002451588
0.08	0.002387514
0.0805	0.00232362
0.081	0.002259935
0.0815	0.002196459
0.082	0.002134331
0.0825	0.002071212
0.083	0.002008289
0.0835	0.001945578
0.084	0.00188206
0.0845	0.001819777
0.085	0.001757705
0.0855	0.001695845
0.086	0.001634184
0.0865	0.001572722
0.087	0.001511473
0.0875	0.001450438
0.088	0.001389615
0.0885	0.001328284
0.089	0.001267919
0.0895	0.001207771
0.09	0.001147843
0.0905	0.001087548
0.091	0.001028097
0.0915	0.000968874
0.092	0.00090988
0.0925	0.000850659
0.093	0.000792166
0.0935	0.000733911
0.094	0.000675533
0.0945	0.000617796
0.095	0.00056031
0.0955	0.000502805
0.096	0.000445857
0.0965	0.000389171
0.097	0.000332569
0.0975	0.000276447
0.098	0.000220478
0.0985	0.000164934
0.099	0.000109614
0.0995	5.46691E-05
0.1	4.54965E-06
