0.0005	0
0.001	0
0.0015	0
0.002	0
0.0025	0
0.003	0
0.0035	1.07707E-07
0.004	1.07707E-07
0.0045	1.07707E-07
0.005	1.07707E-07
0.0055	1.07707E-07
0.006	1.07707E-07
0.0065	1.07707E-07
0.007	1.07707E-07
0.0075	1.07707E-07
0.008	1.07707E-07
0.0085	1.07707E-07
0.009	1.07707E-07
0.0095	1.07707E-07
0.01	1.48393E-07
0.0105	1.07707E-07
0.011	2.45398E-07
0.0115	2.85291E-06
0.012	2.14068E-06
0.0125	4.98499E-06
0.013	1.19168E-05
0.0135	2.55188E-05
0.014	4.78933E-05
0.0145	8.46637E-05
0.015	0.000139847
0.0155	0.000218433
0.016	0.000325823
0.0165	0.00046222
0.017	0.000637369
0.0175	0.000843996
0.018	0.001090391
0.0185	0.001374259
0.019	0.001689559
0.0195	0.002039996
0.02	0.002415655
0.0205	0.002807102
0.021	0.003235397
0.0215	0.003659227
0.022	0.00410556
0.0225	0.004544606
0.023	0.004992571
0.0235	0.005413549
0.024	0.005857493
0.0245	0.006257167
0.025	0.00663558
0.0255	0.007024427
0.026	0.007383839
0.0265	0.007707964
0.027	0.008033241
0.0275	0.00831769
0.028	0.008601583
0.0285	0.008837172
0.029	0.009069634
0.0295	0.009249038
0.03	0.009423451
0.0305	0.009593147
0.031	0.00970585
0.0315	0.009834548
0.032	0.009924667
0.0325	0.010005667
0.033	0.010065694
0.0335	0.01010876
0.034	0.010137317
0.0345	0.010157523
0.035	0.010155581
0.0355	0.010150125
0.036	0.010131263
0.0365	0.010097379
0.037	0.01006104
0.0375	0.010012397
0.038	0.009961818
0.0385	0.009899673
0.039	0.009830373
0.0395	0.009760046
0.04	0.009683116
0.0405	0.009599807
0.041	0.009512421
0.0415	0.009419355
0.042	0.00932639
0.0425	0.00923371
0.043	0.009132283
0.0435	0.009036969
0.044	0.008931614
0.0445	0.008830742
0.045	0.008723783
0.0455	0.00862153
0.046	0.008515215
0.0465	0.00840515
0.047	0.008303174
0.0475	0.008195937
0.048	0.008086938
0.0485	0.007984302
0.049	0.007878394
0.0495	0.0077694
0.05	0.007666407
0.0505	0.00756106
0.051	0.007457383
0.0515	0.007355215
0.052	0.007250926
0.0525	0.00715223
0.053	0.00705132
0.0535	0.006952103
0.054	0.006854541
0.0545	0.006754964
0.055	0.006660682
0.0555	0.006564426
0.056	0.006469823
0.0565	0.006376828
0.057	0.006285407
0.0575	0.006195527
0.058	0.029322268
0.0585	0.006017037
0.059	0.005931643
0.0595	0.046704915
0.06	0.005758839
0.0605	0.005674612
0.061	0.00559178
0.0615	0.005510322
0.062	0.005430191
0.0625	0.005351364
0.063	0.005270956
0.0635	0.00519467
0.064	0.005119588
0.0645	0.005042953
0.065	0.004967548
0.0655	0.004895866
0.066	0.004822773
0.0665	0.004750791
0.067	0.018578941
0.0675	0.004610119
0.068	0.00454135
0.0685	0.004473604
0.069	0.008087242
0.0695	0.004242808
0.07	0.003697507
0.0705	0.00365498
0.071	0.003610656
0.0715	0.003568456
0.072	0.0035264
0.0725	0.003482626
0.073	0.003440909
0.0735	0.003397503
0.074	0.003356109
0.0745	0.003313072
0.075	0.003271994
0.0755	0.003229319
0.076	0.003186837
0.0765	0.003146228
0.077	0.003104101
0.0775	0.003062149
0.078	0.003022014
0.0785	0.0029804
0.079	0.002938972
0.0795	0.00289772
0.08	0.002856635
0.0805	0.002815718
0.081	0.002774978
0.0815	0.002734406
0.082	0.002695457
0.0825	0.002655191
0.083	0.002615083
0.0835	0.002575136
0.084	0.00253397
0.0845	0.002494354
0.085	0.002454889
0.0855	0.002415574
0.086	0.002376402
0.0865	0.00233738
0.087	0.002298501
0.0875	0.002259774
0.088	0.00222117
0.0885	0.00218154
0.089	0.002143233
0.0895	0.002105069
0.09	0.002067039
0.0905	0.002028038
0.091	0.001990286
0.0915	0.00195266
0.092	0.001915168
0.0925	0.001876778
0.093	0.001839547
0.0935	0.001802442
0.094	0.001764509
0.0945	0.001727666
0.095	0.001690939
0.0955	0.001653435
0.096	0.001616971
0.0965	0.001580614
0.097	0.001543541
0.0975	0.001507428
0.098	0.001470649
0.0985	0.001434791
0.099	0.001398286
0.0995	0.001362664
0.1	0.001327161
0.1005	0.001291068
0.101	0.001255801
0.1015	0.001219985
0.102	0.001184965
0.1025	0.001149424
0.103	0.001114632
0.1035	0.001079377
0.104	0.001044823
0.1045	0.001009835
0.105	0.000975523
0.1055	0.000940812
0.106	0.000906737
0.1065	0.0008723
0.107	0.000838465
0.1075	0.000804305
0.108	0.000770293
0.1085	0.000736827
0.109	0.000703095
0.1095	0.000669873
0.11	0.000636421
0.1105	0.000603445
0.111	0.000570277
0.1115	0.00053726
0.112	0.000504668
0.1125	0.000471938
0.113	0.000439599
0.1135	0.000407161
0.114	0.000374878
0.1145	0.000342937
0.115	0.000310952
0.1155	0.000279275
0.116	0.00024759
0.1165	0.000216066
0.117	0.000184805
0.1175	0.000153589
0.118	0.000122539
0.1185	9.17032E-05
0.119	6.09688E-05
0.1195	3.0403E-05
0.12	2.53081E-06
