0.0005	0
0.001	0
0.0015	0
0.002	0
0.0025	0
0.003	0
0.0035	4.1170E-46
0.004	2.9259E-33
0.0045	9.9416E-25
0.005	5.0676E-19
0.0055	5.3666E-15
0.006	4.0162E-12
0.0065	5.5866E-10
0.007	2.2733E-08
0.0075	3.9888E-07
0.008	3.6802E-06
0.0085	2.0276E-05
0.009	8.0976E-05
0.0095	2.5033E-04
0.01	6.3834E-04
0.0105	1.3300E-03
0.011	2.4560E-03
0.0115	4.0982E-03
0.012	6.2262E-03
0.0125	8.8312E-03
0.013	1.1838E-02
0.0135	1.5104E-02
0.014	1.8567E-02
0.0145	2.1982E-02
0.015	2.5234E-02
0.0155	2.8434E-02
0.016	3.1445E-02
0.0165	3.4110E-02
0.017	3.6311E-02
0.0175	2.8370E-01
0.018	3.9522E-02
0.0185	4.0392E-02
0.019	4.0974E-02
0.0195	9.4970E-02
0.02	3.7961E-02
0.0205	3.7004E-02
0.021	3.6503E-02
0.0215	3.5341E-02
0.022	3.4023E-02
0.0225	3.2549E-02
0.023	3.0527E-02
0.0235	1.1444E-03
0.024	1.2284E-03
0.0245	1.2826E-03
0.025	1.2970E-03
0.0255	1.2609E-03
0.026	1.1647E-03
0.0265	9.9084E-04
0.027	7.5087E-04
0.0275	4.1394E-04
0.028	3.7776E-05
