0.0005	0
0.001	0
0.0015	0
0.002	0
0.0025	0
0.003	0
0.0035	1.97832E-07
0.004	1.97832E-07
0.0045	1.97832E-07
0.005	1.97832E-07
0.0055	1.97832E-07
0.006	7.30277E-07
0.0065	8.31262E-06
0.007	5.12057E-05
0.0075	0.000206986
0.008	0.000605428
0.0085	0.001368566
0.009	0.002632479
0.0095	0.004452821
0.01	0.006841887
0.0105	0.009503206
0.011	0.012427506
0.0115	0.015463692
0.012	0.018372331
0.0125	0.021091963
0.013	0.023563104
0.0135	0.025695467
0.014	0.027535666
0.0145	0.028961902
0.015	0.030021234
0.0155	0.030854441
0.016	0.031433727
0.0165	0.031730987
0.017	0.031723947
0.0175	0.283962601
0.018	0.03115327
0.0185	0.030560952
0.019	0.029878331
0.0195	0.075227466
0.02	0.025666839
0.0205	0.024424949
0.021	0.023710321
0.0215	0.022784584
0.022	0.021797344
0.0225	0.020786002
0.023	0.019628797
0.0235	0.003704557
0.024	0.003750234
0.0245	0.003741798
0.025	0.003673246
0.0255	0.003563317
0.026	0.003385536
0.0265	0.003140476
0.027	0.002858688
0.0275	0.002505823
0.028	0.002106319
0.0285	0.001661661
0.029	0.001151745
0.0295	0.000585664
0.03	4.0904E-05
