0.0005	0.00E+00
0.001	0.00E+00
0.0015	0.00E+00
0.002	0.00E+00
0.0025	0.00E+00
0.003	0.00E+00
0.0035	3.10E-46
0.004	2.21E-33
0.0045	7.62E-25
0.005	3.95E-19
0.0055	4.25E-15
0.006	3.23E-12
0.0065	4.57E-10
0.007	1.88E-08
0.0075	3.34E-07
0.008	3.11E-06
0.0085	1.72E-05
0.009	6.93E-05
0.0095	2.16E-04
0.01	5.52E-04
0.0105	1.16E-03
0.011	2.14E-03
0.0115	3.58E-03
0.012	5.46E-03
0.0125	7.77E-03
0.013	1.04E-02
0.0135	1.34E-02
0.014	1.65E-02
0.0145	1.95E-02
0.015	2.25E-02
0.0155	2.54E-02
0.016	2.82E-02
0.0165	3.08E-02
0.017	3.29E-02
0.0175	3.13E-01
0.018	3.62E-02
0.0185	3.73E-02
0.019	3.81E-02
0.0195	9.97E-02
0.02	3.53E-02
0.0205	3.47E-02
0.021	3.48E-02
0.0215	3.43E-02
0.022	3.36E-02
0.0225	3.29E-02
0.023	3.17E-02
0.0235	1.23E-03
0.024	1.37E-03
0.0245	1.50E-03
0.025	1.61E-03
0.0255	1.69E-03
0.026	1.74E-03
0.0265	1.73E-03
0.027	1.68E-03
0.0275	1.57E-03
0.028	1.40E-03
0.0285	1.17E-03
0.029	8.51E-04
0.0295	4.55E-04
0.03	3.33E-05
