0.0005	0.00
0.0010	0.00
0.0015	0.00
0.0020	0.00
0.0025	0.00
0.0030	0.00
0.0035	2.31E-07
0.0040	1.87E-05
0.0045	2.59E-04
0.0050	1.37E-03
0.0055	4.11E-03
0.0060	8.51E-03
0.0065	1.40E-02
0.0070	1.97E-02
0.0075	2.48E-02
0.0080	2.91E-02
0.0085	3.20E-02
0.0090	3.39E-02
0.0095	3.50E-02
0.0100	3.53E-02
0.0105	3.50E-02
0.0110	3.44E-02
0.0115	3.34E-02
0.0120	3.23E-02
0.0125	3.10E-02
0.0130	2.97E-02
0.0135	2.83E-02
0.0140	2.70E-02
0.0145	2.56E-02
0.0150	2.43E-02
0.0155	2.30E-02
0.0160	2.18E-02
0.0165	2.06E-02
0.0170	1.95E-02
0.0175	1.66E-01
0.0180	1.74E-02
0.0185	1.64E-02
0.0190	1.54E-02
0.0195	3.75E-02
0.0200	1.24E-02
0.0205	1.15E-02
0.0210	1.08E-02
0.0215	1.02E-02
0.0220	9.54E-03
0.0225	8.90E-03
0.0230	8.27E-03
0.0235	7.64E-03
0.0240	7.02E-03
0.0245	6.39E-03
0.0250	5.77E-03
0.0255	5.17E-03
0.0260	4.55E-03
0.0265	3.95E-03
0.0270	3.37E-03
0.0275	2.78E-03
0.0280	2.20E-03
0.0285	1.65E-03
0.0290	1.09E-03
0.0295	5.27E-04
0.0300	3.51E-05
