0.0005	0
0.001	0
0.0015	0
0.002	0
0.0025	0
0.003	0
0.0035	2.54604E-08
0.004	2.54604E-08
0.0045	2.54604E-08
0.005	2.54604E-08
0.0055	2.54604E-08
0.006	2.54604E-08
0.0065	2.54604E-08
0.007	2.54604E-08
0.0075	2.54604E-08
0.008	2.54604E-08
0.0085	2.54604E-08
0.009	2.54604E-08
0.0095	4.0832E-08
0.01	3.4736E-07
0.0105	1.52892E-07
0.011	7.8462E-07
0.0115	9.30982E-06
0.012	6.72921E-06
0.0125	1.5552E-05
0.013	3.69714E-05
0.0135	7.85733E-05
0.014	0.000146003
0.0145	0.000254868
0.015	0.000414595
0.0155	0.000636061
0.016	0.000929626
0.0165	0.001289352
0.017	0.00173509
0.0175	0.002238941
0.018	0.002815711
0.0185	0.003451946
0.019	0.004126473
0.0195	0.00484399
0.02	0.005577323
0.0205	0.006304034
0.021	0.007070868
0.0215	0.007787345
0.022	0.008514256
0.0225	0.009191549
0.023	0.00985613
0.0235	0.010440726
0.024	0.011046352
0.0245	0.011548608
0.025	0.011996623
0.0255	0.012450938
0.026	0.012842579
0.0265	0.013165797
0.027	0.013485952
0.0275	0.013734484
0.028	0.013980799
0.0285	0.01414859
0.029	0.014312794
0.0295	0.014396281
0.03	0.01447583
0.0305	0.01455222
0.031	0.014546978
0.0315	0.014571102
0.032	0.014543323
0.0325	0.014507811
0.033	0.01444761
0.0335	0.014369037
0.034	0.014275506
0.0345	0.014176046
0.035	0.014051267
0.0355	0.013927052
0.036	0.01378976
0.0365	0.013637182
0.037	0.013486109
0.0375	0.01332328
0.038	0.013162368
0.0385	0.012990387
0.039	0.012812994
0.0395	0.012638068
0.04	0.012458068
0.0405	0.012273302
0.041	0.01208644
0.0415	0.011895259
0.042	0.011707069
0.0425	0.01152175
0.043	0.011327867
0.0435	0.01114376
0.044	0.010949237
0.0445	0.010762095
0.045	0.010569333
0.0455	0.010383728
0.046	0.010194739
0.0465	0.010002602
0.047	0.00982129
0.0475	0.00963481
0.048	0.00944729
0.0485	0.009268096
0.049	0.009085874
0.0495	0.008900867
0.05	0.008723365
0.0505	0.008543748
0.051	0.00836655
0.0515	0.008191489
0.052	0.00801449
0.0525	0.007844015
0.053	0.007671395
0.0535	0.007500897
0.054	0.007332393
0.0545	0.007161947
0.055	0.006997298
0.0555	0.006830731
0.056	0.006665999
0.0565	0.006503052
0.057	0.006341796
0.0575	0.006182157
0.058	0.010628867
0.0585	0.005864353
0.059	0.005709288
0.0595	0.013604267
0.06	0.005397396
0.0605	0.005243598
0.061	0.005091178
0.0615	0.004940056
0.062	0.004790217
0.0625	0.004641602
0.063	0.004491726
0.0635	0.004345505
0.064	0.004200373
0.0645	0.004054103
0.065	0.003909023
0.0655	0.003767031
0.066	0.003624138
0.0665	0.003482316
0.067	0.006000914
0.0675	0.003201833
0.068	0.003063112
0.0685	0.002925365
0.069	0.003488696
0.0695	0.002641419
0.07	0.002453669
0.0705	0.002326921
0.071	0.002199316
0.0715	0.002073331
0.072	0.001947717
0.0725	0.001821503
0.073	0.001696736
0.0735	0.001571531
0.074	0.001447663
0.0745	0.001323521
0.075	0.001200614
0.0755	0.00107759
0.076	0.000955185
0.0765	0.000833861
0.077	0.000712667
0.0775	0.000592136
0.078	0.000472543
0.0785	0.000353327
0.079	0.000234824
0.0795	0.000117056
0.08	9.73839E-06
