0.0005	0
0.001	0
0.0015	0
0.002	0
0.0025	0
0.003	0
0.0035	4.43062E-07
0.004	4.43062E-07
0.0045	4.43062E-07
0.005	4.43062E-07
0.0055	4.43062E-07
0.006	4.43062E-07
0.0065	4.43062E-07
0.007	4.43062E-07
0.0075	4.43062E-07
0.008	4.43062E-07
0.0085	4.43062E-07
0.009	4.43062E-07
0.0095	4.43062E-07
0.01	4.43062E-07
0.0105	1.10765E-06
0.011	6.7918E-06
0.0115	0.000030191
0.012	0.000109539
0.0125	0.00030981
0.013	0.000769661
0.0135	0.00167073
0.014	0.003131195
0.0145	0.005462359
0.015	0.008832444
0.0155	0.013300284
0.016	0.019093219
0.0165	0.025847074
0.017	0.033839502
0.0175	0.31686024
0.018	0.051241881
0.0185	0.060374892
0.019	0.069415651
0.0195	0.18119585
0.02	0.008298843
0.0205	0.008686746
0.021	0.009608026
0.0215	0.010652468
0.022	0.011891978
0.0225	0.013236827
0.023	0.014560279
0.0235	0.015789969
0.024	0.016877032
0.0245	0.017561093
0.025	0.017682058
0.0255	0.017296861
0.026	0.016032435
0.0265	0.013733261
0.027	0.010288355
0.0275	0.005805907
0.028	0.000499239
