1.003994999999999971e+00 6.181020729192333554e-07 4.952371454635205686e-07
1.018979999999999997e+00 6.242546499931616132e-07 4.721904857844659131e-07
1.067676000000000069e+00 6.043733232111561968e-07 4.062294908514832665e-07
1.121707999999999927e+00 5.672499136607402821e-07 3.467024407299053483e-07
1.138876999999999917e+00 5.503801317487349667e-07 3.302655875850337832e-07
1.141345000000000054e+00 5.462128291327383319e-07 3.279202496087948103e-07
1.143455000000000110e+00 5.399535282563850153e-07 3.259378213389381717e-07
1.150322999999999984e+00 5.436267543728735738e-07 3.345352824391210586e-07
1.167491999999999974e+00 5.398767944690561459e-07 3.186292303379737174e-07
1.220097999999999905e+00 5.125065472841956433e-07 2.751671978988803020e-07
1.304284999999999917e+00 4.645210163921124751e-07 2.203143148915953481e-07
1.394281000000000104e+00 4.165904364624211139e-07 1.765703066643466253e-07
1.490485999999999978e+00 3.712835049343319003e-07 1.416549989721670829e-07
1.593328999999999995e+00 3.295761881121262044e-07 1.136465109159594273e-07
1.703268999999999922e+00 2.915686372165984894e-07 9.092583034531428428e-08
1.820794999999999941e+00 2.570949527579166091e-07 7.258488587452842175e-08
1.946430000000000105e+00 2.261060299239150301e-07 5.795950938635800827e-08
2.080732999999999944e+00 1.984841636134688280e-07 4.630872473325052770e-08
2.224304000000000059e+00 1.739690184912928208e-07 3.702512118000840904e-08
2.377781000000000144e+00 1.523660849356117780e-07 2.961878015364925017e-08
2.541847999999999885e+00 1.332692435548969832e-07 2.371052861562268724e-08
2.717235000000000067e+00 1.164870006102721799e-07 1.898892713052446057e-08
2.904723999999999862e+00 1.017490735264538534e-07 1.512890161202522856e-08
3.105150000000000077e+00 8.877401216877098575e-08 1.195159376072301570e-08
3.319405999999999857e+00 7.719715953125212354e-08 9.376419557596560013e-09
3.548445000000000071e+00 6.697763705728220386e-08 7.372913569294902467e-09
3.793287999999999993e+00 5.794455592798551473e-08 5.804846880324396275e-09
4.055024000000000406e+00 4.988505994156771564e-08 4.555568933249210741e-09
4.334820999999999813e+00 4.251055098816137959e-08 3.573097580467673826e-09
4.633924000000000376e+00 3.496977580584068869e-08 2.807560228008336609e-09
4.686556000000000388e+00 3.334504218707004407e-08 2.695771357127456863e-09
4.758289000000000435e+00 2.980778060372043093e-08 2.552652425796360915e-09
4.777417999999999942e+00 2.666522183306221927e-08 2.516149614505290452e-09
4.806110999999999578e+00 2.917323603667401367e-08 8.030162255171787344e-09
4.877843999999999625e+00 3.063638626673478565e-08 7.547262676783196546e-09
4.953663999999999845e+00 3.042342774489193180e-08 7.075797818452616096e-09
5.001625999999999905e+00 2.995840488276976929e-08 6.796187329925747074e-09
5.078181999999999974e+00 2.845636164552604855e-08 6.400651693429026460e-09
5.098595999999999684e+00 2.707231210740670198e-08 6.302419367278928291e-09
5.129218999999999973e+00 2.813531548505052010e-08 8.590955046649075157e-09
5.205773999999999901e+00 2.864466866896505826e-08 8.102309346858021148e-09
5.295467000000000368e+00 2.831187268814401015e-08 7.577731175896759751e-09
5.343744000000000050e+00 2.797811860616363927e-08 7.314716250089490386e-09
5.425536000000000136e+00 2.707444617479277402e-08 6.907484267907825737e-09
5.447346999999999717e+00 2.640825102166687902e-08 6.804915528921539548e-09
5.480063999999999602e+00 2.674938713788998352e-08 7.703287927040220239e-09
5.561855999999999689e+00 2.670041205949463122e-08 7.308983109996465998e-09
5.660854999999999748e+00 2.625227166274522253e-08 6.869393918443725525e-09
6.051453000000000415e+00 2.392537876107158912e-08 5.450724847545851352e-09
6.469003999999999976e+00 2.145442171553418571e-08 4.320767146373007900e-09
6.915365000000000428e+00 1.908363441938874293e-08 3.411170771312122522e-09
7.392525000000000013e+00 1.688663244061215557e-08 2.687016619806820994e-09
7.902608999999999995e+00 1.489056481805330393e-08 2.115480392518736530e-09
8.447889999999999233e+00 1.310053133426880118e-08 1.666430040182597200e-09
9.030794000000000210e+00 1.151129643756036397e-08 1.311661867558773554e-09
9.653919000000000139e+00 1.011090192367805712e-08 1.026357934277266205e-09
1.032004000000000055e+01 8.864248468268214131e-09 8.012630966487354831e-10
1.103212000000000081e+01 7.763615115813285189e-09 6.247922934608840158e-10
1.179334000000000060e+01 6.790412992914954086e-09 4.864874105779020667e-10
1.260707999999999984e+01 5.936109174709288856e-09 3.792186853214574243e-10
1.347696999999999967e+01 5.187531047010111936e-09 2.958621941688612317e-10
1.440687999999999924e+01 4.532335112910404811e-09 2.310892485213669309e-10
1.540094999999999992e+01 3.959313456364875137e-09 1.807125775073979613e-10
1.646361999999999881e+01 3.458391726356016016e-09 1.414909623653414237e-10
1.759960999999999842e+01 3.020640811363675186e-09 1.109186790929971083e-10
1.881398000000000081e+01 2.638143351697559062e-09 8.699442498789709724e-11
2.011214999999999975e+01 2.303919922010187541e-09 6.828783925568207400e-11
2.149988000000000099e+01 2.011860715720581122e-09 5.359467168702803534e-11
2.298338000000000036e+01 1.756528627404453887e-09 4.203727650812645416e-11
2.456923000000000101e+01 1.533210118593844698e-09 3.292707357663793819e-11
2.626450000000000173e+01 1.337724575629513003e-09 2.577391108162112056e-11
2.807676000000000016e+01 1.166333478142680950e-09 2.003343994443261351e-11
3.001405000000000101e+01 1.015207730076487812e-09 1.555505731952656349e-11
3.208502000000000010e+01 8.802581857878566516e-10 1.209980219624138122e-11
3.387017000000000166e+01 7.738124972275296516e-10 9.881930289037042785e-12
3.429889000000000010e+01 7.419879040798370623e-10 9.429732685326862018e-12
3.438859000000000066e+01 7.325878863230966259e-10 9.338407187089100032e-12
3.452683999999999997e+01 7.052254112832963554e-10 9.200068627490409401e-12
3.473420999999999736e+01 7.183501650095351350e-10 5.085274450854576632e-11
3.525263000000000346e+01 7.162694536678965551e-10 4.819970591471103931e-11
3.666550999999999760e+01 6.765951703960105585e-10 4.181971740404874129e-11
3.919543000000000177e+01 6.008718369313564257e-10 3.285716720144223124e-11
4.189992000000000161e+01 5.298796405780421700e-10 2.581900282593004480e-11
4.479100999999999999e+01 4.659395380660820896e-10 2.029200142528369022e-11
4.788159000000000276e+01 4.090516445521409824e-10 1.589764386423384277e-11
5.118542000000000058e+01 3.587176412394491466e-10 1.245336937066487275e-11
5.471721000000000146e+01 3.143528163451137385e-10 9.755139159735074782e-12
5.849269999999999925e+01 2.753373527568017845e-10 7.643319778948356077e-12
6.252870000000000061e+01 2.410783993429361793e-10 5.990939908041599357e-12
6.684318000000000382e+01 2.110292880295024271e-10 4.698395528505549526e-12
7.145535999999999888e+01 1.847986524083532141e-10 3.681203751828783899e-12
7.638577999999999690e+01 1.617070730948999373e-10 2.882026624630988650e-12
8.165640000000000498e+01 1.414923215359677581e-10 2.255450554991138711e-12
8.729068999999999789e+01 1.237875183141279074e-10 1.761490010118850754e-12
9.331373999999999569e+01 1.082897418530628168e-10 1.377635937284811116e-12
9.975239000000000544e+01 9.472819672576418314e-11 1.079236765071455020e-12
1.066353000000000009e+02 8.286318666823245791e-11 8.470146274262604716e-13
1.139930999999999983e+02 7.248393526352165642e-11 6.661494155001415797e-13
1.218586999999999989e+02 6.340463688982330694e-11 5.251776064623621850e-13
1.302668999999999926e+02 5.546311949116222398e-11 4.151675488802327067e-13
1.392553000000000054e+02 4.851688116711170622e-11 3.291876417413131391e-13
1.488640000000000043e+02 4.244115722346299754e-11 2.619024626262496856e-13
1.591356000000000108e+02 3.712695210416456382e-11 2.092337551154390218e-13
1.701159000000000106e+02 3.247888788701179254e-11 1.678500483038729347e-13
1.818539000000000101e+02 2.841318213846759526e-11 1.352551305214029059e-13
1.944018000000000086e+02 2.485697562680724431e-11 1.095205622283909301e-13
2.078155999999999892e+02 2.174620528901836574e-11 8.914624033232737075e-14
2.221547999999999945e+02 1.902511505995164878e-11 7.295813336041976937e-14
2.374834999999999923e+02 1.664480587109223367e-11 6.005852908902353839e-14
2.538699000000000012e+02 1.456254624894584296e-11 4.973534303210871862e-14
2.713869000000000256e+02 1.274099410580942329e-11 4.143786333353456643e-14
2.901125999999999863e+02 1.114743202064126370e-11 3.474118619915397497e-14
3.101304000000000087e+02 9.753324832480381126e-12 2.930525734613539619e-14
3.315294000000000096e+02 8.533693470668860248e-12 2.487035599081299022e-14
3.544048999999999978e+02 7.466644491537536369e-12 2.123099733385900988e-14
3.788587999999999738e+02 6.533103554649058501e-12 1.822496946301571910e-14
4.050000999999999749e+02 5.716342553429410963e-12 1.572967755650634418e-14
4.329451000000000249e+02 5.001730239082593280e-12 1.364308897822684419e-14
