1.067676000000000069e+00 5.990289198947747586e-04 1.300840639489555975e-04
1.141345000000000054e+00 5.232257432704187292e-04 1.033875957372668952e-04
1.220097999999999905e+00 4.560888610339877084e-04 8.215041134452441931e-05
1.304284999999999917e+00 3.966109875232982549e-04 6.493464306052258196e-05
1.394281000000000104e+00 3.438913630526236405e-04 5.134785329007491146e-05
1.490485999999999978e+00 2.972150164333321049e-04 4.066744067514701686e-05
1.593328999999999995e+00 2.557578660901770723e-04 3.225326072821219770e-05
1.703268999999999922e+00 2.185584071220828353e-04 2.559355010806734835e-05
1.820794999999999941e+00 1.843282635433428980e-04 2.033990178211008863e-05
1.946430000000000105e+00 1.502489744794055233e-04 1.618905202067998678e-05
2.038400000000000212e+00 1.192932945503540488e-04 1.383607839905694144e-05
2.069599999999999884e+00 9.621165435180355392e-05 1.314131548327620836e-05
2.077920000000000211e+00 7.370816320196200153e-05 1.296392612733027604e-05
2.080732999999999944e+00 5.886899878089852853e-05 5.481675304675545787e-05
2.090399999999999814e+00 9.307194791033787326e-05 5.384609396014476500e-05
2.112389999999999990e+00 1.040831711145579066e-04 5.171379035683523339e-05
2.121599999999999930e+00 1.051617070410257483e-04 5.085334494212950920e-05
2.144721999999999795e+00 1.019985952601275476e-04 4.876936547203853772e-05
2.153344000000000147e+00 9.310002072746461201e-05 4.802123015827163222e-05
2.166277000000000008e+00 1.038145819021431623e-04 6.582936931419169175e-05
2.198609999999999953e+00 1.131148636556728856e-04 6.222607298818962638e-05
2.224304000000000059e+00 1.155451779381305580e-04 5.959037123366768443e-05
2.325050000000000061e+00 1.144729081739497505e-04 5.068182293838869646e-05
2.360637000000000096e+00 1.105011254473835919e-04 4.799018424257303416e-05
2.370127000000000095e+00 1.066150804071346265e-04 4.730503795609789528e-05
2.377781000000000144e+00 1.081142739162524073e-04 5.380622214916316621e-05
2.384361999999999870e+00 1.097340363937903421e-04 5.328971345048117927e-05
2.419950000000000045e+00 1.114766768626521370e-04 5.060927557944757023e-05
2.541847999999999885e+00 1.080612963354790715e-04 4.270934605427367711e-05
2.717235000000000067e+00 9.956098662339457129e-05 3.399567256005085335e-05
2.904723999999999862e+00 9.012499749197091885e-05 2.698942883103935185e-05
3.105150000000000077e+00 8.079692016074400409e-05 2.130547795174459843e-05
3.319405999999999857e+00 7.185007948711873529e-05 1.674228883647275825e-05
3.548445000000000071e+00 6.357454478358262357e-05 1.316651025385964430e-05
3.793287999999999993e+00 5.606591803472891724e-05 1.036442962472456736e-05
4.055024000000000406e+00 4.933368800686045746e-05 8.166074134311165203e-06
4.334820999999999813e+00 4.350179407001947821e-05 6.413592995805663002e-06
4.633924000000000376e+00 3.814764173000143320e-05 5.015747171994021340e-06
4.953663999999999845e+00 3.344442984828302609e-05 3.918055383400020898e-06
5.295467000000000368e+00 2.925963805833912740e-05 3.059656097737960084e-06
5.660854999999999748e+00 2.558029894692301508e-05 2.391707277627639492e-06
6.051453000000000415e+00 2.235285186245584516e-05 1.869592134972213736e-06
6.469003999999999976e+00 1.952562696825003934e-05 1.462712956015050057e-06
6.915365000000000428e+00 1.705201768497516336e-05 1.145712394440548356e-06
7.392525000000000013e+00 1.488961705144615580e-05 8.984325634581294280e-07
7.902608999999999995e+00 1.300020463308975736e-05 7.049715027563687521e-07
8.447889999999999233e+00 1.134996116918362809e-05 5.538279563954326467e-07
9.030794000000000210e+00 9.910710761100349056e-06 4.345167092967109585e-07
9.653919000000000139e+00 8.651708675904118650e-06 3.371334928954948951e-07
1.032004000000000055e+01 7.549345887768642578e-06 2.616926485652219422e-07
1.103212000000000081e+01 6.585094033058493255e-06 2.025516894230436800e-07
1.179334000000000060e+01 5.741491180912717582e-06 1.569951399139408063e-07
1.260707999999999984e+01 5.003061227683440040e-06 1.218513788207278809e-07
1.347696999999999967e+01 4.355593926936051506e-06 9.471922107196584849e-08
1.440687999999999924e+01 3.785504236260604214e-06 7.374044896243599270e-08
1.540094999999999992e+01 3.277481196383739741e-06 5.749449478117073296e-08
1.646361999999999881e+01 2.797354100853962142e-06 4.489986492575359008e-08
1.669763000000000019e+01 2.683275103658935518e-06 4.262284300189031630e-08
1.695320999999999856e+01 2.505389828934246981e-06 4.030273103733703754e-08
1.702136000000000138e+01 2.368632594296375493e-06 3.971135518443637652e-08
1.712359000000000009e+01 2.458171997366184611e-06 2.662775348250335172e-07
1.737916999999999845e+01 2.489737301214288068e-06 2.512186797242441078e-07
1.759960999999999842e+01 2.464802217004541358e-06 2.390880069162910976e-07
1.881398000000000081e+01 2.230017398526730023e-06 1.863079593653182824e-07
2.011214999999999975e+01 1.979784313693068866e-06 1.466326046429592379e-07
2.149988000000000099e+01 1.747777227470403238e-06 1.157101758413796059e-07
2.298338000000000036e+01 1.538713106373591594e-06 9.103096138816557390e-08
2.456923000000000101e+01 1.352005376761569179e-06 7.137428576485864402e-08
2.626450000000000173e+01 1.186447870784932928e-06 5.592737735795335033e-08
2.807676000000000016e+01 1.040269676607775494e-06 4.367535318532626502e-08
3.001405000000000101e+01 9.114133595289707408e-07 3.407799469972304582e-08
3.208502000000000010e+01 7.981396355448758850e-07 2.660128070070697431e-08
3.429889000000000010e+01 6.993497233691629781e-07 2.076024045350928397e-08
3.666550999999999760e+01 6.120400430371797870e-07 1.610837747108043297e-08
3.919543000000000177e+01 5.354931576736470531e-07 1.250714102036914495e-08
4.189992000000000161e+01 4.684460326153403674e-07 9.716936772728688964e-09
4.479100999999999999e+01 4.097532060493399431e-07 7.554558142138612199e-09
4.788159000000000276e+01 3.583903503223374029e-07 5.877543804682076281e-09
5.118542000000000058e+01 3.134546398788576534e-07 4.576352635391688294e-09
5.471721000000000146e+01 2.741488463855769142e-07 3.564906689494311184e-09
5.849269999999999925e+01 2.397698671488739049e-07 2.780448973357975691e-09
6.252870000000000061e+01 2.097041675489169816e-07 2.171609443625260583e-09
6.684318000000000382e+01 1.834117664722008831e-07 1.698781548558032988e-09
7.145535999999999888e+01 1.604194998206711236e-07 1.331321062820523220e-09
7.638577999999999690e+01 1.403137741034570764e-07 1.043471641106484745e-09
8.165640000000000498e+01 1.227301043328765578e-07 8.176356572835593238e-10
8.729068999999999789e+01 1.073507706959686766e-07 6.414582675438710350e-10
9.331373999999999569e+01 9.390053559170899576e-08 5.048888042986442627e-10
9.975239000000000544e+01 8.213757900220843873e-08 3.988891396883013876e-10
1.066353000000000009e+02 7.185000618194807038e-08 3.164651575555072117e-10
1.139930999999999983e+02 6.285256306935184501e-08 2.522410501385023187e-10
1.218586999999999989e+02 5.498312388742467245e-08 2.020810877015389884e-10
1.302668999999999926e+02 4.810017507689054748e-08 1.627986205181362689e-10
1.392553000000000054e+02 4.208001140980071112e-08 1.319406372934007417e-10
1.488640000000000043e+02 3.681393105202153677e-08 1.076163813747703038e-10
1.591356000000000108e+02 3.220773655401627373e-08 8.836519084134891411e-11
1.701159000000000106e+02 2.817831785744716215e-08 7.306109315282249236e-11
1.818539000000000101e+02 2.465349497545974633e-08 6.083621154475094349e-11
1.944018000000000086e+02 2.156998255426296543e-08 5.101915004828550742e-11
2.078155999999999892e+02 1.887240944135024265e-08 4.308582702966666291e-11
2.221547999999999945e+02 1.651243315702774716e-08 3.663694721271963798e-11
2.374834999999999923e+02 1.444777910400519740e-08 3.135905876283455049e-11
2.538699000000000012e+02 1.264140931076929628e-08 2.700933675088383182e-11
2.713869000000000256e+02 1.106103219860492276e-08 2.339756058130276674e-11
2.901125999999999863e+02 9.678299725767217341e-09 2.037660507650792515e-11
3.101304000000000087e+02 8.468528716059862052e-09 1.783155704956428616e-11
3.315294000000000096e+02 7.410016306005381785e-09 1.567247177647135920e-11
3.544048999999999978e+02 6.483862186367228323e-09 1.382605903035624609e-11
3.788587999999999738e+02 5.673508910974400242e-09 1.223883298552011733e-11
4.050000999999999749e+02 4.964469714121049868e-09 1.086465925934311311e-11
4.329451000000000249e+02 4.344065055604623397e-09 9.668221955805294186e-12
