1.004374899999999959e+00 4.464733422614411591e-04 1.011742386900611827e-04
1.009396799999999983e+00 3.785405348869743032e-04 9.940892247678469152e-05
1.014443800000000007e+00 2.707660473285814591e-04 9.767948072773647878e-05
1.019516000000000089e+00 -2.213608481391830525e-04 9.597859603608807448e-05
1.019628999999999897e+00 -3.583796952023824019e-04 9.594725269385174561e-05
1.019771100000000041e+00 -3.660229433610106458e-04 5.479155960644171725e-04
1.024613599999999902e+00 2.315958698930263397e-04 5.383338125318596094e-04
1.029736699999999949e+00 3.127321469027572929e-04 5.284178536996733374e-04
1.034885300000000008e+00 3.380886278486359888e-04 5.186893012359149223e-04
1.040059800000000090e+00 3.080188389956431058e-04 5.091458917454564671e-04
1.042727900000000041e+00 7.975293950723385595e-05 5.043064802619835491e-04
1.042872000000000021e+00 7.719200021868629095e-05 7.167423745391015861e-04
1.045260099999999914e+00 3.306978196913233029e-04 7.106611012546584305e-04
1.050486400000000042e+00 4.328206071732060203e-04 6.976122750423147849e-04
1.055738800000000088e+00 4.874846618369885849e-04 6.847423791859924037e-04
1.061017499999999947e+00 5.260892295420922403e-04 6.721822382858044006e-04
1.066322599999999898e+00 5.557925340881694634e-04 6.597829208922792411e-04
1.071654200000000001e+00 5.796047326898265102e-04 6.476414011169212689e-04
1.077012499999999928e+00 5.991367281952127925e-04 6.357284908232366640e-04
1.082397499999999901e+00 6.153707081396887725e-04 6.240286726219651742e-04
1.087809500000000096e+00 6.289687057902139649e-04 6.125524136243061784e-04
1.093248599999999904e+00 6.403904289216946159e-04 6.012843142284475138e-04
1.098714799999999991e+00 6.499738834056415860e-04 5.902221167910138731e-04
1.104208400000000090e+00 6.579888124932901797e-04 5.793697940308323389e-04
1.109729399999999977e+00 6.646257482407466654e-04 5.687123493419290543e-04
1.115278100000000050e+00 6.700499832576035193e-04 5.582538341514534054e-04
1.120854500000000087e+00 6.743853218336503348e-04 5.479857906585392565e-04
1.126458699999999924e+00 6.777298072649145990e-04 5.379123474751981195e-04
1.132090999999999958e+00 6.801602966216926689e-04 5.280250002599022347e-04
1.137751500000000027e+00 6.817303968679808276e-04 5.183154867159930164e-04
1.143440199999999907e+00 6.824818359442104193e-04 5.087880389920385830e-04
1.149157399999999996e+00 6.824239550244822752e-04 4.994344000549642967e-04
1.154903199999999908e+00 6.815426566433538825e-04 4.902526386709518940e-04
1.160677699999999923e+00 6.797845257670385305e-04 4.812469029468941818e-04
1.166481099999999937e+00 6.770287254693616507e-04 4.724030959522775193e-04
1.172313500000000008e+00 6.730214187447798374e-04 4.637194273591556826e-04
1.178175100000000031e+00 6.672223728354362195e-04 4.552000562545771198e-04
1.184066000000000063e+00 6.582251889242290380e-04 4.468371915251108796e-04
1.189986299999999941e+00 6.400006165479302754e-04 4.386290897410309629e-04
1.192454200000000020e+00 6.186234538294667394e-04 4.352602394823897329e-04
1.194745900000000027e+00 6.177471329733613594e-04 4.902438484542479555e-04
1.195936200000000005e+00 6.308803759524903888e-04 4.885024844863398606e-04
1.201915899999999926e+00 6.536538092243873938e-04 4.798537095795088405e-04
1.207925499999999985e+00 6.625266905569473239e-04 4.713604678254835253e-04
1.213965100000000019e+00 6.675045573866899423e-04 4.630210388003440521e-04
1.220034999999999981e+00 6.705106182003878288e-04 4.548336415682267949e-04
1.226135100000000033e+00 6.722706059561214201e-04 4.467909219594688080e-04
1.232265799999999967e+00 6.731539119564145836e-04 4.388911802347231520e-04
1.238427100000000003e+00 6.733628326412450637e-04 4.311385613284788882e-04
1.244619300000000095e+00 6.730362599975948630e-04 4.235200410928157658e-04
1.250842400000000021e+00 6.722648551012638850e-04 4.160398189423933292e-04
1.257096599999999897e+00 6.711157142694853693e-04 4.087075242736088626e-04
1.263382100000000063e+00 6.696478519721534104e-04 4.015158676273542599e-04
1.269698999999999911e+00 6.679014067388866450e-04 3.944521755875707390e-04
1.276047500000000001e+00 6.659094432274357753e-04 3.875205236640506833e-04
1.282427699999999948e+00 6.636957185955083549e-04 3.807084580908450975e-04
1.288839899999999927e+00 6.612857150500228362e-04 3.740200789385642629e-04
1.295284000000000102e+00 6.586936432138737821e-04 3.674540733860294267e-04
1.301760500000000098e+00 6.559353378791140787e-04 3.610089681194999958e-04
1.308269300000000079e+00 6.530293610525518544e-04 3.546780942017407900e-04
1.314810599999999940e+00 6.499828636840696960e-04 3.484601687425650405e-04
1.321384700000000079e+00 6.468104898842528963e-04 3.423538954138995410e-04
1.327991600000000050e+00 6.435164081440968714e-04 3.363792664252442111e-04
1.334631600000000029e+00 6.401323869547812222e-04 3.305557853800175942e-04
1.341304700000000016e+00 6.366666378104699452e-04 3.248396636245582986e-04
1.348011199999999965e+00 6.331193464228489784e-04 3.192244360177314195e-04
1.354751299999999992e+00 6.295007123875778158e-04 3.137089731743594018e-04
1.361525000000000096e+00 6.258158836666512974e-04 3.083180465951170586e-04
1.368332700000000068e+00 6.220791671693243815e-04 3.030243991214284977e-04
1.375174300000000072e+00 6.182904287817123567e-04 2.978218826799148710e-04
1.382050199999999895e+00 6.144538766530906627e-04 2.927196263878929848e-04
1.388960500000000042e+00 6.105762045818752476e-04 2.877012979700926260e-04
1.395905299999999905e+00 6.066615534738215541e-04 2.827760850464295793e-04
1.402884800000000043e+00 6.027092445025281336e-04 2.779328953535828276e-04
1.409899199999999908e+00 5.987277725036460824e-04 2.731808128254836071e-04
1.416948700000000061e+00 5.947163032464743886e-04 2.685088641078280276e-04
1.424033499999999952e+00 5.906807643718160620e-04 2.639211095891882248e-04
1.431153600000000026e+00 5.866204059266453153e-04 2.594166383582683700e-04
1.438309400000000071e+00 5.825429656869053532e-04 2.549846882914346812e-04
1.445500900000000088e+00 5.784497176813658105e-04 2.506342480748327702e-04
1.452728400000000031e+00 5.743416679221195449e-04 2.463643770565748748e-04
1.459992100000000015e+00 5.702198817032862925e-04 2.421645206840113227e-04
1.467292000000000041e+00 5.660918680685256017e-04 2.380387463647923578e-04
1.474628499999999898e+00 5.619541358577779698e-04 2.339861942820393960e-04
1.482001600000000030e+00 5.578118995556833768e-04 2.300013284896070930e-04
1.489411700000000005e+00 5.536658011608230727e-04 2.260928270878101898e-04
1.496858699999999986e+00 5.495188615436023350e-04 2.222457557792847612e-04
1.504342999999999986e+00 5.453716291377978548e-04 2.184687837371737749e-04
1.511864700000000061e+00 5.412268406493437678e-04 2.147564802960957029e-04
1.519424000000000108e+00 5.370870644685517021e-04 2.111081313994262235e-04
1.527021200000000078e+00 5.329508222993916897e-04 2.075230159844006911e-04
1.534656299999999973e+00 5.288226805679677308e-04 2.040004605682349428e-04
1.542329499999999909e+00 5.247049921909101300e-04 2.005397697424031304e-04
1.550041199999999897e+00 5.205998892064157011e-04 1.971402290758696011e-04
1.557791399999999937e+00 5.165003584418670400e-04 1.937695584230058016e-04
1.565580399999999983e+00 5.124068636467198675e-04 1.904545126778376589e-04
1.573408300000000093e+00 5.083181588076272125e-04 1.871944990918698122e-04
1.581275299999999939e+00 5.042366139868373126e-04 1.839889176980787436e-04
1.589181699999999919e+00 5.001662445776211986e-04 1.808371625929352535e-04
1.597127600000000092e+00 4.961057117428402776e-04 1.777430629717233039e-04
1.605113199999999907e+00 4.920554308948799213e-04 1.747015847152933344e-04
1.613138799999999984e+00 4.880192276359263484e-04 1.717121389634245062e-04
1.621204499999999937e+00 4.839974546469477559e-04 1.687741638374716459e-04
1.629310500000000106e+00 4.799886879070031022e-04 1.658827720888369649e-04
1.637457099999999999e+00 4.759965729389362718e-04 1.630245617443969056e-04
1.645644300000000060e+00 4.720180968990559376e-04 1.602163577334125258e-04
1.653872599999999915e+00 4.680567076657201914e-04 1.574575766219535886e-04
1.662141899999999950e+00 4.641111383850733273e-04 1.547476983781264346e-04
1.670452599999999954e+00 4.601831426387410101e-04 1.520819468331461037e-04
1.678804900000000044e+00 4.562729095409434003e-04 1.494640381361964348e-04
1.687198900000000057e+00 4.523806753308569936e-04 1.468934467014376851e-04
1.695634899999999945e+00 4.485081365791299731e-04 1.443654834653164778e-04
1.704113100000000047e+00 4.446538565307382490e-04 1.418796856140013105e-04
1.712633700000000037e+00 4.408210880165824527e-04 1.394355944125630711e-04
1.721196799999999971e+00 4.370068900019991108e-04 1.370368519514859418e-04
1.729802800000000085e+00 4.332128270637975332e-04 1.346788619394672292e-04
1.738451799999999992e+00 4.294405514890088735e-04 1.323611861074806384e-04
1.747144100000000089e+00 4.256900670233260153e-04 1.300833745344268230e-04
1.755879799999999991e+00 4.219600030737307014e-04 1.278449964202513808e-04
1.764659200000000094e+00 4.182518551756672772e-04 1.256456099269013507e-04
1.773482500000000073e+00 4.145656656219681192e-04 1.234847846432610488e-04
1.782349900000000043e+00 4.109028987615900440e-04 1.213581454072881110e-04
1.791261699999999957e+00 4.072620897077052176e-04 1.192692505025295534e-04
1.800218000000000096e+00 4.036447143809821446e-04 1.172176874284986320e-04
1.809219099999999969e+00 4.000493309737191121e-04 1.152030340458351900e-04
1.818265199999999915e+00 3.964773361293822003e-04 1.132210081268631205e-04
1.827356500000000050e+00 3.929287120664539399e-04 1.112712593651584184e-04
1.836493300000000106e+00 3.894047389531647045e-04 1.093572666311781722e-04
1.845675699999999919e+00 3.859040676240124658e-04 1.074748215792379859e-04
1.854904099999999945e+00 3.824265903474642191e-04 1.056273658347331635e-04
1.864178600000000019e+00 3.789723234462882427e-04 1.038107357488474912e-04
1.873499500000000095e+00 3.755437792104716378e-04 1.020245912919993562e-04
1.882867000000000068e+00 3.721382960240046732e-04 1.002686011168460337e-04
1.892281399999999891e+00 3.687570688154462274e-04 9.854615065028299423e-05
1.901742800000000067e+00 3.654013189053856672e-04 9.684946284772746449e-05
1.911251500000000103e+00 3.620684182332790674e-04 9.518562979502512246e-05
1.920807699999999896e+00 3.587607866629745758e-04 9.354694891799358143e-05
1.930411799999999900e+00 3.554770240091097351e-04 9.193679427777519256e-05
1.940063799999999894e+00 3.522183338136274642e-04 9.035848903270043422e-05
1.949764199999999947e+00 3.489844956235641535e-04 8.880443474212806518e-05
1.959513000000000060e+00 3.457742910410586306e-04 8.727438640477757812e-05
1.969310499999999964e+00 3.425887752056077751e-04 8.577523459362085354e-05
1.979157099999999891e+00 3.394289230808742873e-04 8.429950230960727992e-05
1.989052899999999902e+00 3.362934784495731329e-04 8.285048506536415829e-05
1.998998100000000111e+00 3.331823286838770000e-04 8.142436435940679355e-05
2.008993100000000087e+00 3.300952946529513740e-04 8.002789558754726305e-05
2.019038099999999947e+00 3.270344873023727970e-04 7.865027696631542945e-05
2.029133299999999807e+00 3.239975280483951251e-04 7.729825939182131326e-05
2.039279000000000064e+00 3.209853623329833095e-04 7.596810027307225014e-05
2.049475399999999947e+00 3.192272149742684736e-04 7.463896270733943756e-05
2.059722700000000017e+00 3.162487987476947067e-04 7.333142337218387504e-05
2.070021300000000064e+00 3.132938105363845620e-04 7.204524404417231385e-05
2.080371400000000204e+00 3.103600446640186620e-04 7.078019584705935101e-05
2.090773299999999946e+00 3.080432431355093707e-04 6.953604846467872848e-05
2.101227199999999851e+00 3.051478477431393836e-04 6.830587838132933280e-05
2.111733300000000035e+00 3.022745230059565766e-04 6.709622783870250386e-05
2.122291999999999845e+00 2.994231268638446208e-04 6.590686893573459318e-05
2.132903400000000005e+00 2.965926069988041752e-04 6.474088484698357372e-05
2.143568000000000140e+00 2.937847954907711330e-04 6.359471644019246519e-05
2.154285799999999806e+00 2.909976801015343130e-04 6.247142116296728611e-05
2.165057200000000126e+00 2.882340474166161033e-04 6.136422965500805437e-05
2.175882500000000164e+00 2.854908560793375789e-04 6.027944506316687963e-05
2.186761900000000036e+00 2.827708894482984926e-04 5.921359111279228326e-05
2.197695700000000141e+00 2.800730394579466079e-04 5.816645743628579538e-05
2.208684199999999986e+00 2.773962367157470593e-04 5.713783562884769152e-05
2.219727600000000134e+00 2.747422322400108253e-04 5.612435124571452067e-05
2.230826299999999929e+00 2.721099235408681091e-04 5.513215389050218874e-05
2.241980400000000095e+00 2.695001214999688771e-04 5.415785938909248526e-05
2.253190299999999979e+00 2.669117437198563090e-04 5.320126428618659147e-05
2.264456200000000141e+00 2.643455593667847479e-04 5.225906394274359225e-05
2.275778499999999926e+00 2.618013813503633795e-04 5.133728995643073927e-05
2.287157399999999896e+00 2.592782046666729798e-04 5.042954868072446571e-05
2.298593200000000003e+00 2.567776082125372713e-04 4.953569230490490388e-05
2.310086200000000201e+00 2.542977083449341489e-04 4.866166734415060290e-05
2.321636600000000161e+00 2.518400737627710930e-04 4.780117708558633276e-05
2.333244800000000119e+00 2.494036670067087467e-04 4.695709223849688112e-05
2.344911000000000190e+00 2.469883525179263767e-04 4.612922764725693265e-05
2.356635600000000164e+00 2.445947687496699292e-04 4.531440953680744099e-05
2.368418699999999877e+00 2.422227780080892672e-04 4.451250254702952027e-05
2.380260799999999843e+00 2.398713616905403460e-04 4.372632155446737345e-05
2.392162100000000180e+00 2.378593850840432262e-04 4.295274562091947661e-05
2.404122999999999788e+00 2.355478680159531278e-04 4.218871034167762628e-05
2.416143599999999836e+00 2.332564965196283003e-04 4.143704162001166666e-05
2.428224300000000113e+00 2.309851018111148079e-04 4.070050281303653437e-05
2.440365400000000129e+00 2.287335360246318060e-04 3.997603486979527495e-05
2.452567199999999836e+00 2.265024053537352316e-04 3.926350724699793828e-05
2.464830099999999913e+00 2.242907777514018648e-04 3.856564423479170122e-05
2.477154200000000195e+00 2.220985452337193391e-04 3.787943712731406957e-05
2.489539999999999864e+00 2.199262588188497967e-04 3.720475595660938160e-05
2.501987699999999926e+00 2.177730486039861416e-04 3.654428937209471445e-05
2.514497599999999888e+00 2.156394893965593292e-04 3.589227309291356615e-05
2.527070099999999986e+00 2.135254022821614665e-04 3.525419401166544848e-05
2.539705500000000171e+00 2.114306273199448511e-04 3.462988823768380699e-05
2.552404000000000117e+00 2.093543269730879840e-04 3.401368017102020881e-05
2.565166000000000057e+00 2.072977244407702888e-04 3.340823336880879754e-05
2.577991899999999781e+00 2.052599454155178257e-04 3.281342766248966268e-05
2.590881800000000013e+00 2.032401922973264851e-04 3.222914778491019026e-05
2.603836199999999934e+00 2.012396360608505305e-04 3.165527442111503071e-05
2.616855399999999943e+00 1.992574433569442767e-04 3.109169189277019330e-05
2.629939699999999991e+00 1.972934635520405804e-04 3.053828554461907561e-05
2.643089400000000033e+00 1.953481955541077925e-04 2.999760440266483979e-05
2.656304800000000021e+00 1.934201877857222762e-04 2.946419725133704731e-05
2.669586300000000190e+00 1.915105691449200368e-04 2.893799111050266652e-05
2.682934299999999883e+00 1.896191610776145188e-04 2.842415993888298341e-05
2.696348899999999826e+00 1.877452060611239329e-04 2.791994686303755953e-05
2.709830699999999926e+00 1.858891361690939942e-04 2.742264306111602071e-05
2.723379800000000017e+00 1.840502086161084389e-04 2.693735007928294508e-05
2.736996700000000171e+00 1.822288606869014330e-04 2.645877788862173498e-05
2.750681699999999896e+00 1.804243371699501010e-04 2.598941774900131676e-05
2.764435100000000034e+00 1.786376861144386107e-04 2.552661897938036101e-05
2.778257299999999930e+00 1.768675493841089105e-04 2.507462101707841315e-05
2.792148599999999981e+00 1.751143734302553097e-04 2.462976549540463097e-05
2.806109300000000140e+00 1.733774320663652741e-04 2.419297981022252116e-05
2.820139900000000033e+00 1.716577074629158594e-04 2.376392259843294950e-05
2.834240600000000221e+00 1.699544832442464234e-04 2.334250918106483262e-05
2.848411800000000049e+00 1.682676009031904268e-04 2.292890100592386997e-05
2.862653900000000196e+00 1.665969038356061329e-04 2.252251787945397672e-05
2.876967099999999888e+00 1.649422602350338334e-04 2.212352562908744740e-05
2.891351999999999922e+00 1.633034935755877141e-04 2.173183941722197957e-05
2.905808700000000133e+00 1.616810225861094684e-04 2.134713680708242090e-05
2.920337799999999984e+00 1.600741274052253527e-04 2.096909716354957413e-05
2.934939400000000198e+00 1.584826924967707470e-04 2.059812838704007561e-05
2.949614099999999794e+00 1.569070695362394989e-04 2.023367151425255021e-05
2.964362200000000058e+00 1.553471084815478975e-04 1.987589219586847675e-05
2.979184000000000054e+00 1.538021502744214895e-04 1.952447951292598342e-05
2.994079900000000016e+00 1.522725578365765817e-04 1.917936230185300205e-05
3.009050300000000178e+00 1.507656794109995982e-04 1.883088084401268004e-05
3.024095599999999884e+00 1.492751939875917877e-04 1.848259920861820653e-05
3.039216099999999976e+00 1.477965037004179969e-04 1.814102212082598187e-05
3.054412199999999800e+00 1.463300336140896645e-04 1.780561208792470391e-05
3.069684200000000196e+00 1.448752375708262227e-04 1.747675912261541163e-05
3.085032599999999903e+00 1.434334733612757618e-04 1.715393109136080090e-05
3.100457800000000042e+00 1.420046382074401201e-04 1.683706020999042386e-05
3.115960100000000121e+00 1.405881726781431091e-04 1.652630570556464011e-05
3.131539899999999932e+00 1.391844510715723609e-04 1.622137288871160354e-05
3.147197600000000151e+00 1.377942872192782571e-04 1.592197218725639708e-05
3.162933600000000123e+00 1.364161955840938591e-04 1.562826409294557816e-05
3.178748199999999802e+00 1.350514440876344688e-04 1.534018432052329354e-05
3.194641999999999982e+00 1.336994468332648419e-04 1.505744742296532396e-05
3.210615199999999891e+00 1.323601102702581345e-04 1.477999405542168527e-05
3.226668300000000045e+00 1.310333165070071441e-04 1.450776398574368343e-05
3.242801599999999951e+00 1.297189651542928520e-04 1.424048142287049239e-05
3.259015600000000124e+00 1.284173670423927093e-04 1.397830642339152718e-05
3.275310699999999908e+00 1.271284030487256674e-04 1.372096596750693514e-05
3.291687299999999983e+00 1.258515372119255096e-04 1.346861944219124490e-05
3.308145699999999856e+00 1.245870866860194516e-04 1.322078465835750524e-05
3.324686400000000042e+00 1.233345182460652385e-04 1.297762263222429008e-05
3.341309900000000166e+00 1.220941279906736967e-04 1.273908002994420373e-05
3.358016399999999901e+00 1.208662188384289907e-04 1.250489557028252375e-05
3.374806500000000042e+00 1.196498565183456211e-04 1.227522816178850275e-05
3.391680500000000098e+00 1.184453427771069324e-04 1.204981914026759528e-05
3.408638900000000138e+00 1.172525605378989559e-04 1.182841370794879800e-05
3.425682099999999952e+00 1.160714009842185335e-04 1.161137829268579254e-05
3.442810500000000218e+00 1.149017563457603580e-04 1.139825387525880950e-05
3.460024600000000117e+00 1.137438916679587599e-04 1.118919989942435939e-05
3.477324700000000046e+00 1.125969475261641423e-04 1.098396803602913019e-05
3.494711300000000076e+00 1.114615658544290233e-04 1.078251513122500714e-05
3.512184899999999832e+00 1.103372586717918694e-04 1.058499881951719274e-05
3.529745800000000155e+00 1.092239300762782764e-04 1.039097559635708464e-05
3.547394499999999784e+00 1.081218324971961153e-04 1.020060486205055290e-05
3.565131500000000120e+00 1.070301362424099423e-04 1.001384503374659595e-05
3.582957200000000064e+00 1.059498115310504064e-04 9.830655195656647845e-06
3.600871900000000014e+00 1.048796970327355363e-04 9.650604175955819066e-06
3.618876300000000157e+00 1.038203803885986499e-04 9.474045753621980213e-06
3.636970700000000001e+00 1.027714187745888951e-04 9.300940355946274001e-06
3.655155499999999780e+00 1.017330561890012158e-04 9.130863407674407668e-06
3.673431299999999844e+00 1.007048416984148678e-04 8.963972608226057650e-06
3.691798499999999983e+00 9.968701487798452840e-05 8.800041397614296831e-06
3.710257499999999986e+00 9.867914482757158829e-05 8.639226687556107777e-06
3.728808799999999923e+00 9.768146102443947868e-05 8.481492934570624090e-06
3.747452800000000028e+00 9.669354118616382571e-05 8.326617350479787916e-06
3.766190100000000207e+00 9.571560532325412815e-05 8.174567622267153469e-06
3.785020999999999969e+00 9.474724481386021663e-05 8.025498325305684269e-06
3.803946100000000108e+00 9.378867549621635301e-05 7.879004938909458630e-06
3.822965899999999806e+00 9.283948711247199141e-05 7.735243114489627798e-06
3.842080699999999904e+00 9.189990617820903093e-05 7.594365495854008646e-06
3.861291099999999865e+00 9.096982949921085841e-05 7.455791702857990603e-06
3.880597499999999922e+00 9.004916461487181439e-05 7.320041073787451407e-06
3.900000499999999981e+00 8.913751297812065838e-05 7.186719694648543293e-06
3.919500499999999832e+00 8.823479312313954766e-05 7.055800625782856121e-06
3.939097999999999988e+00 8.734150365176916470e-05 6.927435644399555678e-06
3.958793500000000076e+00 8.645696479768651263e-05 6.801417671779183121e-06
3.978587500000000166e+00 8.558137946234997586e-05 6.677720325160850250e-06
3.998480400000000046e+00 8.471437767237722041e-05 6.556141617802364967e-06
4.018472799999999623e+00 8.385643465314379067e-05 6.437008366908180694e-06
4.038565199999999855e+00 8.300689769369819628e-05 6.320118016094824471e-06
4.058758000000000088e+00 8.216596624769179969e-05 6.205271889445998952e-06
4.079051800000000227e+00 8.133354922026510780e-05 6.092619744066333224e-06
4.099447099999999899e+00 8.050929112909080323e-05 5.981964920075283738e-06
4.119944300000000226e+00 7.969338573395444588e-05 5.873456182544551811e-06
4.140544000000000224e+00 7.888600912804115395e-05 5.766898865732093345e-06
4.161246700000000409e+00 7.808654706978321639e-05 5.662271182701871669e-06
4.182052999999999798e+00 7.729492144220105989e-05 5.559551409272552669e-06
4.202963200000000121e+00 7.651157885637946887e-05 5.458885862383122437e-06
4.223978100000000069e+00 7.573616629661033357e-05 5.359917223201367293e-06
4.245097999999999594e+00 7.496836016370889285e-05 5.262958808288767001e-06
4.266323400000000099e+00 7.420858688344583113e-05 5.167657399555667835e-06
4.287655100000000274e+00 7.345625797876174847e-05 5.073994476815734986e-06
4.309093299999999793e+00 7.271155821956252260e-05 4.982279049606307296e-06
4.330638800000000010e+00 7.197464279797745616e-05 4.892163040730120494e-06
4.352292000000000272e+00 7.124495444546408043e-05 4.803628920591632960e-06
4.374053499999999595e+00 7.052265941949224998e-05 4.716819984912662709e-06
4.395923699999999990e+00 6.980768735721823947e-05 4.631716607266081689e-06
4.417903299999999867e+00 6.910019115847240538e-05 4.547980421805931028e-06
4.439992900000000020e+00 6.839962940554228626e-05 4.464328660417269569e-06
4.462192800000000403e+00 6.770617156558428155e-05 4.382185420233615283e-06
4.484503799999999707e+00 6.701951288159013352e-05 4.301690524872215842e-06
4.506926299999999941e+00 6.633981657320606911e-05 4.222668920328319445e-06
4.529460900000000123e+00 6.566679002629980939e-05 4.144793262518743326e-06
4.552108200000000160e+00 6.500058744977486782e-05 4.067897147610372336e-06
4.574868799999999958e+00 6.434092224968182571e-05 3.992432687217245081e-06
4.597743099999999750e+00 6.368795135717239108e-05 3.918536925470386887e-06
4.620731799999999723e+00 6.304139107504795050e-05 3.846039131448375056e-06
4.643835499999999783e+00 6.240117984325895201e-05 3.774771865381308565e-06
4.667054699999999556e+00 6.176746738283194719e-05 3.705023313067192444e-06
4.690389999999999837e+00 6.114018716072451424e-05 3.636475518547617133e-06
4.713841900000000251e+00 6.051907213924163004e-05 3.569264633429078725e-06
4.737411100000000097e+00 5.990426258161930448e-05 3.503375248197597317e-06
4.761098200000000169e+00 5.929549436799037935e-05 3.438644357700255546e-06
4.784903700000000093e+00 5.869291018758019204e-05 3.375206269819385869e-06
4.808828199999999775e+00 5.809625116567253690e-05 3.313046057412062869e-06
4.832872300000000010e+00 5.750565479061062727e-05 3.251857689013802704e-06
4.857036700000000096e+00 5.692105709130994360e-05 3.191920584416529310e-06
4.881321899999999658e+00 5.634239955237354446e-05 3.133220271427107759e-06
4.905728500000000381e+00 5.576943371243137392e-05 3.075455426206431157e-06
4.930257100000000392e+00 5.520229195260716130e-05 3.018901544591828805e-06
4.954908399999999880e+00 5.464091310502206623e-05 2.963402366955764641e-06
4.979682900000000245e+00 5.408505846701438700e-05 2.908946040193250507e-06
5.004581400000000180e+00 5.353485238699861665e-05 2.855520642089455297e-06
5.029604299999999917e+00 5.299024218751107964e-05 2.802974665819288800e-06
5.054752299999999643e+00 5.245116932969295026e-05 2.751577006948374369e-06
5.080026000000000153e+00 5.191740253765531266e-05 2.701037017711713058e-06
5.105426200000000136e+00 5.138906164024856818e-05 2.651483125141714995e-06
5.130953299999999828e+00 5.086609617662625764e-05 2.602904146789776166e-06
5.156608099999999695e+00 5.034844821578313942e-05 2.555152315547867303e-06
5.182391100000000250e+00 4.983606640985823247e-05 2.508082835722495238e-06
5.208303100000000185e+00 4.932889417567215811e-05 2.461148175390219591e-06
5.234344600000000014e+00 4.882655066414340350e-05 2.415156282136505919e-06
5.260516299999999923e+00 4.832931964666438662e-05 2.370096236038702502e-06
5.286818900000000099e+00 4.783714823421462634e-05 2.325824102066005686e-06
5.313252999999999560e+00 4.734982550962935343e-05 2.282331193233380992e-06
5.339819199999999988e+00 4.686730630525531318e-05 2.239740694700573691e-06
5.366518300000000075e+00 4.638969969628029130e-05 2.198042022200120993e-06
5.393350899999999726e+00 4.591680110092869529e-05 2.156963798019962898e-06
5.420317700000000016e+00 4.544871928903377364e-05 2.116759246955337519e-06
5.447419299999999964e+00 4.498525377139044105e-05 2.077418136526200099e-06
5.474656399999999756e+00 4.452651123324208039e-05 2.038673189160321001e-06
5.502029699999999579e+00 4.407229358472502661e-05 2.000773979934521838e-06
5.529539800000000227e+00 4.362270710773756706e-05 1.963455988131030000e-06
5.557187500000000391e+00 4.317755611832997865e-05 1.926966342206492678e-06
5.584973399999999977e+00 4.273679967739647080e-05 1.891043212673558088e-06
5.612898300000000340e+00 4.230053796602654178e-05 1.855931342781314487e-06
5.640962799999999611e+00 4.186872661289945991e-05 1.821496326217654286e-06
5.669167599999999752e+00 4.144117927899812601e-05 1.787606294711923364e-06
5.697513500000000342e+00 4.101785383322402375e-05 1.754378933630999111e-06
5.726001000000000118e+00 4.059898921439892503e-05 1.721806707570337621e-06
5.754630999999999830e+00 4.018412413917168676e-05 1.689882027216967737e-06
5.783404199999999662e+00 3.977349423061428613e-05 1.658475747599775655e-06
5.812321200000000410e+00 3.936692379277468011e-05 1.627824486875851332e-06
5.841382799999999875e+00 3.896450567527144670e-05 1.597557638625146977e-06
5.870589700000000022e+00 3.856619781025567314e-05 1.568031183678079093e-06
5.899942700000000428e+00 3.817169704242813537e-05 1.538997531853158948e-06
5.929442400000000113e+00 3.778135780645890986e-05 1.510451357763543267e-06
5.959089600000000431e+00 3.739475155585266186e-05 1.482505430742522632e-06
5.988884999999999792e+00 3.701209821873689936e-05 1.455035219075301235e-06
6.018829499999999832e+00 3.663335546786374844e-05 1.428152401000425384e-06
6.048923600000000178e+00 3.625823875368491746e-05 1.401733779307863749e-06
6.079168199999999800e+00 3.588708174196429576e-05 1.375774206872216985e-06
6.109564100000000053e+00 3.551947696972992382e-05 1.350383798896222598e-06
6.140111899999999956e+00 3.515563499833346104e-05 1.325441232171696237e-06
6.170812500000000256e+00 3.479539679005164295e-05 1.300941507969678674e-06
6.201666499999999971e+00 3.443872966707097757e-05 1.276993217197844528e-06
6.232674900000000129e+00 3.408571342964088793e-05 1.253363906264871520e-06
6.263838200000000356e+00 3.373619825401536734e-05 1.230275194911298937e-06
6.295157399999999903e+00 3.339014814009836382e-05 1.207608772251286450e-06
6.326633199999999846e+00 3.304764388553375529e-05 1.185359911299630351e-06
6.358266399999999763e+00 3.270853697557556258e-05 1.163523908325377404e-06
6.390057699999999841e+00 3.237268477852023888e-05 1.142096120402245091e-06
6.422007999999999939e+00 3.204027684796740064e-05 1.121071910533433728e-06
6.454118000000000244e+00 3.171117010111991827e-05 1.100446719600638521e-06
6.486388599999999727e+00 3.138543950065751859e-05 1.080194295477581742e-06
6.518820599999999743e+00 3.106283730345848923e-05 1.060332060712965500e-06
6.551414699999999591e+00 3.074344216068760092e-05 1.040834092890256249e-06
6.584171699999999738e+00 3.042722332318064570e-05 1.021717675728077073e-06
6.915365000000000428e+00 2.749256714303910913e-05 8.522199857310760847e-07
7.392525000000000013e+00 2.391206042619353300e-05 6.661793976336164152e-07
7.902608999999999995e+00 2.076285333031653260e-05 5.214524991613131498e-07
8.447889999999999233e+00 1.796699693165205536e-05 4.087281309540857099e-07
9.030794000000000210e+00 1.540486497311455738e-05 3.196050938978458470e-07
9.465427999999999287e+00 1.345714154939589741e-05 2.664749713974620673e-07
9.610307000000000599e+00 1.235920536483457707e-05 2.513194166289514000e-07
9.653919000000000139e+00 1.103657684701792904e-05 2.469691987080113319e-07
9.706893000000000882e+00 1.213274246878420957e-05 1.864817287593238633e-06
9.851772000000000418e+00 1.251706742564259294e-05 1.757671442196762450e-06
1.032004000000000055e+01 1.201153663611745257e-05 1.466447604213589889e-06
1.103212000000000081e+01 1.080998783306399425e-05 1.148903137010002157e-06
1.179334000000000060e+01 9.604000178662196259e-06 9.058653164083968829e-07
1.260707999999999984e+01 8.489420601445358134e-06 7.155408591995739387e-07
1.347696999999999967e+01 7.480889012167478084e-06 5.609466593933599376e-07
1.440687999999999924e+01 6.577427822707401508e-06 4.390774485266016460e-07
1.540094999999999992e+01 5.774394956230268506e-06 3.432067348894355476e-07
1.646361999999999881e+01 5.063963889976722065e-06 2.680265482690228223e-07
1.759960999999999842e+01 4.437497649423038449e-06 2.092392585096326934e-07
1.881398000000000081e+01 3.886388775399056926e-06 1.633620154748515726e-07
2.011214999999999975e+01 3.406417535946284758e-06 1.272488224493924232e-07
2.149988000000000099e+01 2.980976215926468263e-06 9.897632937436188246e-08
2.298338000000000036e+01 2.608014379528210191e-06 7.700181531613824669e-08
2.456923000000000101e+01 2.281357244346784814e-06 5.992372659919419040e-08
2.626450000000000173e+01 1.995463551948097762e-06 4.663999780049195611e-08
2.807676000000000016e+01 1.745337401277196699e-06 3.614238699120295528e-08
3.001405000000000101e+01 1.526293723079997494e-06 2.798273189071849295e-08
3.208502000000000010e+01 1.334690909121968150e-06 2.167955253115981182e-08
3.429889000000000010e+01 1.167124723019720639e-06 1.680907671426403629e-08
3.666550999999999760e+01 1.020602567596955484e-06 1.304402247745208693e-08
3.919543000000000177e+01 8.924950093983746615e-07 1.013236888641868147e-08
4.189992000000000161e+01 7.804929365907482852e-07 7.878674235059741872e-09
4.479100999999999999e+01 6.825599348918665774e-07 6.101687345447461192e-09
4.788159000000000276e+01 5.969246738945605862e-07 4.733217353036799129e-09
5.118542000000000058e+01 5.220470111124805784e-07 3.678503140048391299e-09
5.471721000000000146e+01 4.565769749368293033e-07 2.864857007514391834e-09
5.849269999999999925e+01 3.993318995145422038e-07 2.236452479824353936e-09
6.252870000000000061e+01 3.492756236605041882e-07 1.750843041534481063e-09
6.684318000000000382e+01 3.055060375226323628e-07 1.374827596471329561e-09
7.145535999999999888e+01 2.672293757316635135e-07 1.083492807438266367e-09
7.638577999999999690e+01 2.337568751597734854e-07 8.573915718437009416e-10
8.165640000000000498e+01 2.044865347547474109e-07 6.808893422407702093e-10
8.729068999999999789e+01 1.788843036012057909e-07 5.423612297443349913e-10
9.331373999999999569e+01 1.564906619176560225e-07 4.345364253588703221e-10
9.975239000000000544e+01 1.369039716173938121e-07 3.503368720204898382e-10
1.066353000000000009e+02 1.197715868330699557e-07 2.843635590815545609e-10
1.139930999999999983e+02 1.047856661470177506e-07 2.324731322883928222e-10
1.218586999999999989e+02 9.167645007163092705e-08 1.914732337310651311e-10
1.302668999999999926e+02 8.020875659434618637e-08 1.589090712612645931e-10
1.392553000000000054e+02 7.017690376378006330e-08 1.329146019049484854e-10
1.488640000000000043e+02 6.140068930047908011e-08 1.120200360900751602e-10
1.591356000000000108e+02 5.372280047751614732e-08 9.513097195035673378e-11
1.701159000000000106e+02 4.700564514244186485e-08 8.137032540681047490e-11
1.818539000000000101e+02 4.112887860708649096e-08 7.008490849174842591e-11
1.944018000000000086e+02 3.598720787875772560e-08 6.074637324634001219e-11
2.078155999999999892e+02 3.148860128964136134e-08 5.296479343849552368e-11
2.221547999999999945e+02 2.755266039516927472e-08 4.642573638743653770e-11
2.374834999999999923e+02 2.410891572102763489e-08 4.089242382696572984e-11
2.538699000000000012e+02 2.109566402064119158e-08 3.616553065271003075e-11
2.713869000000000256e+02 1.845921660605340660e-08 3.210668912665577677e-11
2.901125999999999863e+02 1.615236570786577336e-08 2.859337182954453878e-11
3.101304000000000087e+02 1.413384694172604260e-08 2.553144910183961506e-11
3.315294000000000096e+02 1.236762061625152167e-08 2.284969045410096882e-11
3.544048999999999978e+02 1.082218354098245151e-08 2.048917563718268379e-11
3.788587999999999738e+02 9.469893605327376260e-09 1.839986129855091837e-11
4.050000999999999749e+02 8.286603745473279183e-09 1.654459400562814110e-11
4.329451000000000249e+02 7.251219372434363586e-09 1.489085966764004987e-11
