1.067676000000000069e+00 8.799904680824383518e-04 2.064217411076880299e-04
1.141345000000000054e+00 7.702186952234326735e-04 1.639877116283667625e-04
1.220097999999999905e+00 6.724841573869383285e-04 1.304119193629206812e-04
1.304284999999999917e+00 5.860517733404734496e-04 1.038388541207701274e-04
1.394281000000000104e+00 5.097431772540267792e-04 8.238110980296759064e-05
1.490485999999999978e+00 4.421764172191087246e-04 6.522036340919065483e-05
1.593328999999999995e+00 3.823720749543446694e-04 5.172046551210921980e-05
1.703268999999999922e+00 3.292901279484366627e-04 4.107842371593533291e-05
1.820794999999999941e+00 2.817223736116397106e-04 3.263647032402713081e-05
1.946430000000000105e+00 2.380290852561428648e-04 2.595841611236703413e-05
2.080732999999999944e+00 1.947049077052354364e-04 2.067623896746136183e-05
2.177853999999999957e+00 1.562323238558599805e-04 1.771250933213098497e-05
2.211189000000000071e+00 1.276479945259978975e-04 1.682540524101008958e-05
2.220077999999999996e+00 9.991007554169357096e-05 1.659872379853633039e-05
2.224304000000000059e+00 9.696030734101344505e-05 6.800546519368023176e-05
2.233411999999999953e+00 1.237538795028603981e-04 6.691763864854506898e-05
2.260565999999999853e+00 1.380392259133419726e-04 6.380524720436241148e-05
2.266745999999999928e+00 1.387524662932242364e-04 6.312439203484696904e-05
2.295166000000000039e+00 1.343858907309614505e-04 6.009974352190523313e-05
2.304393000000000136e+00 1.232855470436661400e-04 5.915992076678859378e-05
2.318233000000000210e+00 1.362185432922347300e-04 8.098593579845186961e-05
2.352834000000000092e+00 1.471502797141558078e-04 7.649107575029600637e-05
2.377781000000000144e+00 1.496563468774168371e-04 7.350997980162289613e-05
2.480967999999999840e+00 1.478365708670548119e-04 6.288211034427925827e-05
2.518942000000000014e+00 1.427487226079534504e-04 5.954127525506908825e-05
2.529068000000000094e+00 1.378803754230443785e-04 5.869373533618819591e-05
2.541847999999999885e+00 1.412017372758047847e-04 6.634842283430649075e-05
2.544258000000000131e+00 1.416923128242552265e-04 6.612915239262971440e-05
2.582231999999999861e+00 1.437036625045536747e-04 6.281499234225143362e-05
2.717235000000000067e+00 1.387296377340980396e-04 5.271809000960440354e-05
2.904723999999999862e+00 1.275671051977222850e-04 4.197416594125422210e-05
3.105150000000000077e+00 1.153996037249089570e-04 3.316863899536148449e-05
3.319405999999999857e+00 1.032194982361395901e-04 2.609461211668069803e-05
3.548445000000000071e+00 9.168318217666375166e-05 2.051738837432860117e-05
3.793287999999999993e+00 8.106355842566960359e-05 1.614200755209724199e-05
4.055024000000000406e+00 7.145360719332384091e-05 1.271185281519643948e-05
4.334820999999999813e+00 6.285113872026751693e-05 1.001990103364261703e-05
4.633924000000000376e+00 5.539815180618609821e-05 7.872949615678919485e-06
4.953663999999999845e+00 4.857207846889920655e-05 6.159799884285746443e-06
5.295467000000000368e+00 4.257689440632417049e-05 4.813920838466074981e-06
5.660854999999999748e+00 3.724774259655965408e-05 3.761718769390081250e-06
6.051453000000000415e+00 3.256404417006353698e-05 2.942505658444953794e-06
6.469003999999999976e+00 2.845673028887861158e-05 2.302976590155745865e-06
6.915365000000000428e+00 2.485938458902865031e-05 1.802993148424618528e-06
7.392525000000000013e+00 2.171201833804729583e-05 1.413097162342428259e-06
7.902608999999999995e+00 1.896073662923924297e-05 1.108828771757416384e-06
8.447889999999999233e+00 1.655747529965498490e-05 8.708528485896135471e-07
9.030794000000000210e+00 1.446145419131016134e-05 6.829961450361270736e-07
9.653919000000000139e+00 1.262532103183189627e-05 5.319063017394549241e-07
1.032004000000000055e+01 1.101922547649075562e-05 4.130752303369713043e-07
1.103212000000000081e+01 9.614854698185046035e-06 3.208906434815503668e-07
1.179334000000000060e+01 8.386726475858059731e-06 2.485845975922607555e-07
1.260707999999999984e+01 7.312362782998243952e-06 1.928502089167880922e-07
1.347696999999999967e+01 6.371808379154828022e-06 1.498241246657826984e-07
1.440687999999999924e+01 5.546785182170809931e-06 1.165658988864403613e-07
1.540094999999999992e+01 4.819642835757207688e-06 9.083223959800114050e-08
1.646361999999999881e+01 4.169276871206092116e-06 7.088640437036089456e-08
1.759960999999999842e+01 3.533815465328544210e-06 5.540926918447467670e-08
1.763765000000000072e+01 3.509679669807329425e-06 5.497313744573799189e-08
1.790760999999999825e+01 3.281346286533135466e-06 5.198651849038901621e-08
1.797960000000000136e+01 3.107678586798583455e-06 5.122855719473079942e-08
1.808758999999999872e+01 3.219256463399054132e-06 3.373411681365624934e-07
1.835754999999999981e+01 3.255704146983702158e-06 3.184215980544653716e-07
1.881398000000000081e+01 3.174546669772250574e-06 2.893725839933540798e-07
2.011214999999999975e+01 2.851843409804072472e-06 2.264873666862209225e-07
2.149988000000000099e+01 2.527366481474922055e-06 1.783967445759569968e-07
2.298338000000000036e+01 2.229276176006126549e-06 1.407150795143755225e-07
2.456923000000000101e+01 1.961459910800370994e-06 1.105667712637999310e-07
2.626450000000000173e+01 1.722814126689858617e-06 8.670093502383792157e-08
2.807676000000000016e+01 1.511502106791567607e-06 6.772555355434362422e-08
3.001405000000000101e+01 1.324842271934263288e-06 5.285962762458293952e-08
3.208502000000000010e+01 1.160542527766153526e-06 4.127113152560800961e-08
3.429889000000000010e+01 1.016196728171523851e-06 3.223663334884678532e-08
3.666550999999999760e+01 8.903307630847851070e-07 2.514361433863809064e-08
3.919543000000000177e+01 7.791319509160696749e-07 1.951650380310835877e-08
4.189992000000000161e+01 6.816660844377009646e-07 1.515893637853376299e-08
4.479100999999999999e+01 5.963074012110199080e-07 1.178231746067789122e-08
4.788159000000000276e+01 5.215920157801977640e-07 9.164667454057213751e-09
5.118542000000000058e+01 4.562121508632352555e-07 7.134068493748641139e-09
5.471721000000000146e+01 3.990145531586745990e-07 5.558178113544097922e-09
5.849269999999999925e+01 3.489836043887943064e-07 4.333012970560197634e-09
6.252870000000000061e+01 3.052257556639482523e-07 3.382465325594826367e-09
6.684318000000000382e+01 2.669565007141462484e-07 2.644321552011068288e-09
7.145535999999999888e+01 2.334900218322771619e-07 2.070829360492066188e-09
7.638577999999999690e+01 2.042245363292358584e-07 1.624892500357605203e-09
8.165640000000000498e+01 1.786315640538349932e-07 1.273725130014894135e-09
8.729068999999999789e+01 1.562469918567819291e-07 9.984777520351663887e-10
9.331373999999999569e+01 1.366694929697552124e-07 7.850995628709214073e-10
9.975239000000000544e+01 1.195476558392978941e-07 6.195083990984740181e-10
1.066353000000000009e+02 1.045734284916691120e-07 4.907740995512437808e-10
1.139930999999999983e+02 9.147737609345679119e-08 3.904987321326142812e-10
1.218586999999999989e+02 8.002321672701886463e-08 3.122220389752310360e-10
1.302668999999999926e+02 7.000497180349813834e-08 2.509583123199483298e-10
1.392553000000000054e+02 6.124256910964963210e-08 2.028848510208167663e-10
1.488640000000000043e+02 5.357793314988147438e-08 1.650210295719091167e-10
1.591356000000000108e+02 4.687365419506611812e-08 1.351005814175703085e-10
1.701159000000000106e+02 4.100922824762846751e-08 1.113511782607216068e-10
1.818539000000000101e+02 3.587901918615064011e-08 9.241675469306345066e-11
1.944018000000000086e+02 3.139122635042477528e-08 7.723916816931039820e-11
2.078155999999999892e+02 2.746515736371593284e-08 6.501035987407594757e-11
2.221547999999999945e+02 2.403057126515975073e-08 5.509309615467961859e-11
2.374834999999999923e+02 2.102573296041087456e-08 4.700419893386090632e-11
2.538699000000000012e+02 1.839680738098506064e-08 4.035452034015756065e-11
2.713869000000000256e+02 1.609683474453317780e-08 3.485232654986460897e-11
2.901125999999999863e+02 1.408454294427377185e-08 3.026843875684456525e-11
3.101304000000000087e+02 1.232390119351346137e-08 2.641879292093195284e-11
3.315294000000000096e+02 1.078345854163084739e-08 2.316460351522971225e-11
3.544048999999999978e+02 9.435637919176435137e-09 2.039250680205648700e-11
3.788587999999999738e+02 8.256343086554031702e-09 1.801730337098328961e-11
4.050000999999999749e+02 7.224491268430513927e-09 1.596677960414337002e-11
4.329451000000000249e+02 6.321630159283991330e-09 1.418759487974585357e-11
